"0-_dG4zzHy4":[
    ('ollie',(0,31),(0,32.5)),
    ('flip',(0,37),(0,39)),
    ('ollie',(0,40),(0,41.5)),
    ('notrick',(0,45),(0,47)),
    ('notrick',(1,30),(1,32)),
    ('ollie',(1,49.9),(1,52)),
    ('ollie',(2,7),(2,9.5)),
    ('ollie',(2,10),(2,13)),        
    ('notrick',(2,14),(2,18))
],      
"qJKELE7AfCk":[
    ('flip',(0,11.6),(0,14)),
    ('notrick',(0,49 ),(0,53)),
    ('flip',(3,11),(3,13)),
    ('flip',(3,15.2),(3,16.7)),
    ('flip',(3,20),(3,22)),
    ('flip',(3,22.6),(3,25)),
    ('flip',(3,25.5),(3,28.1)),
    ('flip',(3,32),(3.34)),        
    ('flip',(3,35),(3,37.5))    
],
"xcIook3DYrM":[
    ('ollie',(0,17),(0,19.2)),
    ('notrick',(0,41 ),(0,42.6)),
    ('notrick',(0,53),(0,57)),
    ('notrick',(0,59),(1,1.2)),
    ('ollie',(1,15.7),(1,18)),
    ('ollie',(1,22),(1,24)),
    ('ollie',(1,56),(1,58.1)), 
    ('flip',(3,47.5),(3,49)),     
    ('notrick',(3,39),(4,2)), 
    ('notrick',(4,30.5),(4,32))  
],
"HmG0PNgnxtM":[
    ('flip',(0,11),(0,14)),
    ('flip',(0,14.1),(0,16)),
    ('ollie',(0,19),(0,21)),
    ('flip',(0,26.9),(0,31.5)),
    ('flip',(0,42),(0,47)),
    ('flip',(0,49),(0,50.)),
    ('notrick',(0,51.5),(0,52.7))
],
"XXqYf0kfYkY":[
    ('flip',(0,6.8),(0,8)),
    ('notrick',(0,14),(0,17)),
    ('flip',(0,28.5),(0,30)),
    ('flip',(0,40),(0,41.5)),
    ('flip',(1,5),(1,7))
],
"XvSXamwmFdo":[
    ('flip',(0,11),(0,13.7)),
    ('flip',(0,20.5),(0,22.6)),
    ('notrick',(0,23),(0,26)),
    ('flip',(0,45),(0,47.5)),
    ('flip',(0,56),(0,57.8)),
    ('flip',(0,58.5),(1,0)),
    ('flip',(1,6),(1,9)),
    ('flip',(1,11),(1,13)),
    ('flip',(1,16.8),(1,18.1)),
    ('flip',(1,20),(1,22)),
    ('flip',(1,36.5),(1,39.5))
],
"M-SpSRIW6Zg":[
    ('notrick',(0,15),(0,18)),
    ('notrick',(0,21),(0,22.2)),
    ('notrick',(0,34),(0,37)),
    ('notrick',(0,39),(0,41)),
    ('notrick',(0,48),(0,50)),
    ('notrick',(1,42.5),(1,43.9))
],
"2mqgcT05LK8":[
    ('notrick',(0,4),(0,7)),
    ('notrick',(0,15),(0,22.2)),
    ('notrick',(0,34),(0,37))
],
"xXt1FAA5ny0":[
    ('notrick',(0,47),(0,50)),
    ('notrick',(0,51),(0,53)),
    ('ollie',(1,13),(0,14.5)),
    ('notrick',(1,35),(1,37)),
    ('notrick',(1,58),(2,0)),
    ('notrick',(2,48),(2,49)),
    ('notrick',(3,13),(3,15)),
    ('notrick',(3,15.5),(3,17.5)),
    ('notrick',(4,51),(4,53))
],
"86DjVx1IP0M":[
    ('notrick',(0,0),(0,1.9)),
    ('notrick',(0,14.5),(0,15.5)),
    ('notrick',(0,19),(0,22)),
    ('notrick',(0,28),(0,29)),
    ('notrick',(0,35),(0,37)),
],
"nL67YsyAe8w":[
    ('notrick',(0,0),(0,3)),
    ('notrick',(0,33),(0,35))
],
"10LV4hvZdl0":[
    ('notrick',(0,34),(0,36),
    ('notrick',(0,37),(0,40)),
    ('notrick',(0,43),(0,46),
    ('notrick',(0,52),(0,55)),
    ('notrick',(1,4),(1,6),
    ('notrick',(2,5),(2,8)),
    ('notrick',(1,4),(1,6),
    ('notrick',(2,5),(2,8)),    
],
"9E4uCWJ7bxI":[
    ('notrick',(0,7),(0,10),
    ('notrick',(0,14),(0,17)),
    ('notrick',(0,18),(0,21),
    ('notrick',(0,26),(0,29)),
    ('notrick',(0,45),(0,48),
    ('notrick',(0,51),(0,54))  
],
"8zdcb2CQx1s":[
    ('flip',(0,10),(0,12.8)),
    ('flip',(0,16),(0,18)),
    ('flip',(0,18.8),(0,21)),
    ('flip',(0,22.5),(0,25)),
    ('flip',(0,25.5),(0,28)),
    ('flip',(0,29),(0,33)),
    ('flip',(0,33.5),(0,36)),
    ('flip',(0,37),(0,40.2)),
],
"FRC5qlrIKNc":[
    ('notrick',(4,27),(4,29)),
    ('notrick',(4,33),(4,35)),
    ('notrick',(4,39),(4,41)),
    ('notrick',(5,14),(5,16)),
    ('flip',(6,6),(6,8.1)),
    ('notrick',(6,11),(6,12)),
    ('flip',(6,12.8),(6,13.9)),
    ('notrick',(6,19),(6,21)),
    ('flip',(6,25.8),(6,27)),
    ('flip',(6,25.8),(6,27)),
    ('flip',(8,7),(8,9.2)),
],
"s_qLdhMElLk":[
    ('flip',(1,3),(1,4.5)),
],
"kn17vElNgTE":[
    ('ollie',(0,5),(0,8.8)),
    ('flip',(0,58),(1,1)),
    ('flip',(1,38),(1,41)),
    ('flip',(1,41.8),(1,44)),
    ('notrick',(1,50),(1,52)),
    ('notrick',(2,28),(2,30)),
],
"axsjdv680k8":[
    ('notrick',(1,3),(1,5)),
    ('flip',(1,46),(1,49)),
    ('flip',(2,41),(2,44.2)),
    ('notrick',(2,48),(2,50)),
    ('notrick',(3,9),(3,11)),
    ('notrick',(3,19.6),(3,21)),
    ('flip',(3,42),(3,45)),
    ('notrick',(4,23),(4,25)),
    ('notrick',(4,34.6),(4,37)),
    ('notrick',(4,41),(4,43)),
    ('flip',(5,29),(5,31)),
    ('notrick',(5,38),(5,40)),
    ('flip',(6,20),(6,23.6)),
    ('notrick',(6,29),(6,32)),
    ('notrick',(7,15.2),(7,17)),
    ('flip',(8,40),(8,42)),
],
"KxHRmNa98Bg":[
    ('flip',(5,2.5),(5,5)),
    ('flip',(5,42),(5,44.1)),
],
"Ub8ojXCQZzw":[
    ('flip',(0,13),(0,15)),
    ('flip',(0,25),(0,27)),
    ('flip',(0,31.5),(0,33.2)),
    ('flip',(0,33.6),(0,35)),
    ('flip',(0,33.6),(0,35)),
    ('flip',(0,37.5),(0,39)),
    ('flip',(0,42.1),(0,43.1)),
    ('flip',(0,49.5),(0,53.8)),
    ('flip',(0,56),(1,2)),
    ('flip',(1,27),(1,29)),
    ('flip',(1,34),(1,39)),
    ('flip',(2,52),(2,56)),
    ('flip',(2,52),(2,56)),
],
"wSa1TlAxtkM":[
    ('flip',(0,27),(0,29.5)),
    ('flip',(0,56.3),(0,59)),
    ('flip',(1,11.7),(1,14)),
    ('flip',(1,26),(1,28)),
]
"dfl5EHdOW5A":
    ('flip',(0,38),(0,40)),
    ('flip',(0,48),(0,51)),
    ('flip',(5,44.2),(5,45.5))
]
